function minGridSize = getMinGridSize()

minGridSize = [1000, 10000, 25000, 40000, 50000, 60000, 50000, 60000, 70000];
